# Free light 0
0 0
1 0
2 0
3 0
4 0

# Free light 2
2 0
2 1
2 2
3 2
4 2
5 2
6 2

# Free light 4
4 0
4 1
4 2
4 3
4 4
5 4
6 4
7 4
8 4

# Free light 6
6 2
6 3
6 4
6 5
6 6
7 6
8 6
9 6
10 6

# Free light 8
8 4
8 5
8 6
8 7
8 8
9 8
10 8
11 8
12 8

# Free light 10
10 6
10 7
10 8
10 9
10 10
11 10
12 10
13 10
14 10

# Free light 12
12 8
12 9
12 10
12 11
12 12
13 12
14 12
15 12
16 12

# Free light 14
14 10
14 11
14 12
14 13
14 14
15 14
16 14
17 14
18 14

# Free light 16
16 12
16 13
16 14
16 15
16 16
17 16
18 16
19 16
20 16

# Free light 18
18 14
18 15
18 16
18 17
18 18
19 18
20 18
21 18
22 18

# Free light 20
20 16
20 17
20 18
20 19
20 20
21 20
22 20

# Free light 22
22 18
22 19
22 20
22 21
22 22

# Free light 23
0 0
0 1
0 2
0 3
0 4

# Free light 25
0 2
1 2
2 2
2 3
2 4
2 5
2 6

# Free light 27
0 4
1 4
2 4
3 4
4 4
4 5
4 6
4 7
4 8

# Free light 29
2 6
3 6
4 6
5 6
6 6
6 7
6 8
6 9
6 10

# Free light 31
4 8
5 8
6 8
7 8
8 8
8 9
8 10
8 11
8 12

# Free light 33
6 10
7 10
8 10
9 10
10 10
10 11
10 12
10 13
10 14

# Free light 35
8 12
9 12
10 12
11 12
12 12
12 13
12 14
12 15
12 16

# Free light 37
10 14
11 14
12 14
13 14
14 14
14 15
14 16
14 17
14 18

# Free light 39
12 16
13 16
14 16
15 16
16 16
16 17
16 18
16 19
16 20

# Free light 41
14 18
15 18
16 18
17 18
18 18
18 19
18 20
18 21
18 22

# Free light 43
16 20
17 20
18 20
19 20
20 20
20 21
20 22

# Free light 45
18 22
19 22
20 22
21 22
22 22

